7.239553222656250000e+02,1.141167724609375000e+03,7.575303955078125000e+02,1.352377319335937500e+03,1.000000000000000000e+00,7.407428588867187500e+02,1.246772460937500000e+03,2.350913461378076192e+02,6.954396362304687500e+02,1.385495239257812500e+03,7.931899414062500000e+02,1.578178100585937500e+03,1.000000000000000000e+00
1.654568969726562500e+03,2.624760498046875000e+03,1.853104492187500000e+03,2.650116943359375000e+03,0.000000000000000000e+00,1.753836669921875000e+03,2.637438720703125000e+03,2.412903247004583704e+02,1.416381713867187500e+03,2.593217529296875000e+03,1.608713378906250000e+03,2.683182617187500000e+03,0.000000000000000000e+00
1.324296020507812500e+03,2.759408203125000000e+03,1.803092407226562500e+03,2.809886962890625000e+03,0.000000000000000000e+00,1.563694213867187500e+03,2.784647460937500000e+03,0.000000000000000000e+00,1.468502075195312500e+03,2.752270751953125000e+03,1.592148071289062500e+03,2.818292724609375000e+03,0.000000000000000000e+00
0.000000000000000000e+00,0.000000000000000000e+00,0.000000000000000000e+00,0.000000000000000000e+00,5.000000000000000000e-01,0.000000000000000000e+00,0.000000000000000000e+00,0.000000000000000000e+00,1.344101196289062500e+03,2.936603515625000000e+03,1.714284179687500000e+03,3.017949462890625000e+03,0.000000000000000000e+00
0.000000000000000000e+00,0.000000000000000000e+00,0.000000000000000000e+00,0.000000000000000000e+00,5.000000000000000000e-01,0.000000000000000000e+00,0.000000000000000000e+00,0.000000000000000000e+00,7.586166381835937500e+02,3.086736083984375000e+03,9.144549560546875000e+02,3.164053955078125000e+03,0.000000000000000000e+00
0.000000000000000000e+00,0.000000000000000000e+00,0.000000000000000000e+00,0.000000000000000000e+00,5.000000000000000000e-01,0.000000000000000000e+00,0.000000000000000000e+00,0.000000000000000000e+00,3.660798339843750000e+02,1.360229492187500000e+03,4.545223388671875000e+02,1.771603637695312500e+03,1.000000000000000000e+00
0.000000000000000000e+00,0.000000000000000000e+00,0.000000000000000000e+00,0.000000000000000000e+00,5.000000000000000000e-01,0.000000000000000000e+00,0.000000000000000000e+00,0.000000000000000000e+00,5.326279907226562500e+02,1.480153198242187500e+03,6.228042602539062500e+02,1.677850830078125000e+03,1.000000000000000000e+00
0.000000000000000000e+00,0.000000000000000000e+00,0.000000000000000000e+00,0.000000000000000000e+00,5.000000000000000000e-01,0.000000000000000000e+00,0.000000000000000000e+00,0.000000000000000000e+00,1.147862304687500000e+03,3.758926086425781250e+02,1.324385742187500000e+03,4.509742736816406250e+02,0.000000000000000000e+00
0.000000000000000000e+00,0.000000000000000000e+00,0.000000000000000000e+00,0.000000000000000000e+00,5.000000000000000000e-01,0.000000000000000000e+00,0.000000000000000000e+00,0.000000000000000000e+00,1.271571289062500000e+03,2.429481201171875000e+03,1.485418579101562500e+03,2.507546875000000000e+03,0.000000000000000000e+00
0.000000000000000000e+00,0.000000000000000000e+00,0.000000000000000000e+00,0.000000000000000000e+00,5.000000000000000000e-01,0.000000000000000000e+00,0.000000000000000000e+00,0.000000000000000000e+00,8.706814575195312500e+02,1.673173583984375000e+03,9.578056640625000000e+02,1.884002807617187500e+03,1.000000000000000000e+00
0.000000000000000000e+00,0.000000000000000000e+00,0.000000000000000000e+00,0.000000000000000000e+00,5.000000000000000000e-01,0.000000000000000000e+00,0.000000000000000000e+00,0.000000000000000000e+00,6.890000000000000000e+02,3.102000000000000000e+03,7.010000000000000000e+02,3.153000000000000000e+03,1.000000000000000000e+00
0.000000000000000000e+00,0.000000000000000000e+00,0.000000000000000000e+00,0.000000000000000000e+00,5.000000000000000000e-01,0.000000000000000000e+00,0.000000000000000000e+00,0.000000000000000000e+00,8.710000000000000000e+02,2.946000000000000000e+03,9.190000000000000000e+02,3.007000000000000000e+03,1.000000000000000000e+00
0.000000000000000000e+00,0.000000000000000000e+00,0.000000000000000000e+00,0.000000000000000000e+00,5.000000000000000000e-01,0.000000000000000000e+00,0.000000000000000000e+00,0.000000000000000000e+00,3.800000000000000000e+02,2.471000000000000000e+03,4.460000000000000000e+02,2.542000000000000000e+03,1.000000000000000000e+00
0.000000000000000000e+00,0.000000000000000000e+00,0.000000000000000000e+00,0.000000000000000000e+00,5.000000000000000000e-01,0.000000000000000000e+00,0.000000000000000000e+00,0.000000000000000000e+00,1.787000000000000000e+03,1.953000000000000000e+03,1.821000000000000000e+03,1.969000000000000000e+03,0.000000000000000000e+00
0.000000000000000000e+00,0.000000000000000000e+00,0.000000000000000000e+00,0.000000000000000000e+00,5.000000000000000000e-01,0.000000000000000000e+00,0.000000000000000000e+00,0.000000000000000000e+00,1.993000000000000000e+03,1.930000000000000000e+03,2.059000000000000000e+03,2.009000000000000000e+03,1.000000000000000000e+00
0.000000000000000000e+00,0.000000000000000000e+00,0.000000000000000000e+00,0.000000000000000000e+00,5.000000000000000000e-01,0.000000000000000000e+00,0.000000000000000000e+00,0.000000000000000000e+00,1.222000000000000000e+03,1.927000000000000000e+03,1.288000000000000000e+03,1.996000000000000000e+03,1.000000000000000000e+00
0.000000000000000000e+00,0.000000000000000000e+00,0.000000000000000000e+00,0.000000000000000000e+00,5.000000000000000000e-01,0.000000000000000000e+00,0.000000000000000000e+00,0.000000000000000000e+00,1.373000000000000000e+03,1.832000000000000000e+03,1.394000000000000000e+03,1.848000000000000000e+03,0.000000000000000000e+00
0.000000000000000000e+00,0.000000000000000000e+00,0.000000000000000000e+00,0.000000000000000000e+00,5.000000000000000000e-01,0.000000000000000000e+00,0.000000000000000000e+00,0.000000000000000000e+00,1.445000000000000000e+03,1.818000000000000000e+03,1.506000000000000000e+03,1.859000000000000000e+03,0.000000000000000000e+00
0.000000000000000000e+00,0.000000000000000000e+00,0.000000000000000000e+00,0.000000000000000000e+00,5.000000000000000000e-01,0.000000000000000000e+00,0.000000000000000000e+00,0.000000000000000000e+00,1.549000000000000000e+03,1.821000000000000000e+03,1.607000000000000000e+03,1.856000000000000000e+03,0.000000000000000000e+00
0.000000000000000000e+00,0.000000000000000000e+00,0.000000000000000000e+00,0.000000000000000000e+00,5.000000000000000000e-01,0.000000000000000000e+00,0.000000000000000000e+00,0.000000000000000000e+00,1.993000000000000000e+03,1.811000000000000000e+03,2.054000000000000000e+03,1.893000000000000000e+03,1.000000000000000000e+00
0.000000000000000000e+00,0.000000000000000000e+00,0.000000000000000000e+00,0.000000000000000000e+00,5.000000000000000000e-01,0.000000000000000000e+00,0.000000000000000000e+00,0.000000000000000000e+00,1.996000000000000000e+03,1.701000000000000000e+03,2.046000000000000000e+03,1.786000000000000000e+03,1.000000000000000000e+00
0.000000000000000000e+00,0.000000000000000000e+00,0.000000000000000000e+00,0.000000000000000000e+00,5.000000000000000000e-01,0.000000000000000000e+00,0.000000000000000000e+00,0.000000000000000000e+00,1.995000000000000000e+03,1.595000000000000000e+03,2.042000000000000000e+03,1.686000000000000000e+03,1.000000000000000000e+00
0.000000000000000000e+00,0.000000000000000000e+00,0.000000000000000000e+00,0.000000000000000000e+00,5.000000000000000000e-01,0.000000000000000000e+00,0.000000000000000000e+00,0.000000000000000000e+00,1.592000000000000000e+03,1.608000000000000000e+03,1.607000000000000000e+03,1.626000000000000000e+03,1.000000000000000000e+00
0.000000000000000000e+00,0.000000000000000000e+00,0.000000000000000000e+00,0.000000000000000000e+00,5.000000000000000000e-01,0.000000000000000000e+00,0.000000000000000000e+00,0.000000000000000000e+00,1.450000000000000000e+03,1.595000000000000000e+03,1.495000000000000000e+03,1.641000000000000000e+03,1.000000000000000000e+00
0.000000000000000000e+00,0.000000000000000000e+00,0.000000000000000000e+00,0.000000000000000000e+00,5.000000000000000000e-01,0.000000000000000000e+00,0.000000000000000000e+00,0.000000000000000000e+00,1.340000000000000000e+03,1.501000000000000000e+03,1.351000000000000000e+03,1.526000000000000000e+03,1.000000000000000000e+00
0.000000000000000000e+00,0.000000000000000000e+00,0.000000000000000000e+00,0.000000000000000000e+00,5.000000000000000000e-01,0.000000000000000000e+00,0.000000000000000000e+00,0.000000000000000000e+00,1.230000000000000000e+03,1.497000000000000000e+03,1.283000000000000000e+03,1.534000000000000000e+03,0.000000000000000000e+00
0.000000000000000000e+00,0.000000000000000000e+00,0.000000000000000000e+00,0.000000000000000000e+00,5.000000000000000000e-01,0.000000000000000000e+00,0.000000000000000000e+00,0.000000000000000000e+00,1.995000000000000000e+03,1.486000000000000000e+03,2.054000000000000000e+03,1.568000000000000000e+03,1.000000000000000000e+00
0.000000000000000000e+00,0.000000000000000000e+00,0.000000000000000000e+00,0.000000000000000000e+00,5.000000000000000000e-01,0.000000000000000000e+00,0.000000000000000000e+00,0.000000000000000000e+00,1.560000000000000000e+03,1.494000000000000000e+03,1.615000000000000000e+03,1.550000000000000000e+03,1.000000000000000000e+00
0.000000000000000000e+00,0.000000000000000000e+00,0.000000000000000000e+00,0.000000000000000000e+00,5.000000000000000000e-01,0.000000000000000000e+00,0.000000000000000000e+00,0.000000000000000000e+00,1.993000000000000000e+03,1.378000000000000000e+03,2.054000000000000000e+03,1.460000000000000000e+03,1.000000000000000000e+00
0.000000000000000000e+00,0.000000000000000000e+00,0.000000000000000000e+00,0.000000000000000000e+00,5.000000000000000000e-01,0.000000000000000000e+00,0.000000000000000000e+00,0.000000000000000000e+00,1.230000000000000000e+03,1.278000000000000000e+03,1.278000000000000000e+03,1.328000000000000000e+03,1.000000000000000000e+00
0.000000000000000000e+00,0.000000000000000000e+00,0.000000000000000000e+00,0.000000000000000000e+00,5.000000000000000000e-01,0.000000000000000000e+00,0.000000000000000000e+00,0.000000000000000000e+00,1.995000000000000000e+03,1.270000000000000000e+03,2.054000000000000000e+03,1.349000000000000000e+03,1.000000000000000000e+00
0.000000000000000000e+00,0.000000000000000000e+00,0.000000000000000000e+00,0.000000000000000000e+00,5.000000000000000000e-01,0.000000000000000000e+00,0.000000000000000000e+00,0.000000000000000000e+00,1.222000000000000000e+03,1.162000000000000000e+03,1.288000000000000000e+03,1.230000000000000000e+03,1.000000000000000000e+00
0.000000000000000000e+00,0.000000000000000000e+00,0.000000000000000000e+00,0.000000000000000000e+00,5.000000000000000000e-01,0.000000000000000000e+00,0.000000000000000000e+00,0.000000000000000000e+00,1.993000000000000000e+03,1.151000000000000000e+03,2.056000000000000000e+03,1.228000000000000000e+03,1.000000000000000000e+00
0.000000000000000000e+00,0.000000000000000000e+00,0.000000000000000000e+00,0.000000000000000000e+00,5.000000000000000000e-01,0.000000000000000000e+00,0.000000000000000000e+00,0.000000000000000000e+00,1.802000000000000000e+03,7.720000000000000000e+02,1.818000000000000000e+03,8.330000000000000000e+02,1.000000000000000000e+00
0.000000000000000000e+00,0.000000000000000000e+00,0.000000000000000000e+00,0.000000000000000000e+00,5.000000000000000000e-01,0.000000000000000000e+00,0.000000000000000000e+00,0.000000000000000000e+00,1.666000000000000000e+03,7.730000000000000000e+02,1.729000000000000000e+03,8.420000000000000000e+02,1.000000000000000000e+00
0.000000000000000000e+00,0.000000000000000000e+00,0.000000000000000000e+00,0.000000000000000000e+00,5.000000000000000000e-01,0.000000000000000000e+00,0.000000000000000000e+00,0.000000000000000000e+00,1.552000000000000000e+03,7.730000000000000000e+02,1.613000000000000000e+03,8.390000000000000000e+02,1.000000000000000000e+00
0.000000000000000000e+00,0.000000000000000000e+00,0.000000000000000000e+00,0.000000000000000000e+00,5.000000000000000000e-01,0.000000000000000000e+00,0.000000000000000000e+00,0.000000000000000000e+00,1.431000000000000000e+03,7.730000000000000000e+02,1.497000000000000000e+03,8.390000000000000000e+02,0.000000000000000000e+00
0.000000000000000000e+00,0.000000000000000000e+00,0.000000000000000000e+00,0.000000000000000000e+00,5.000000000000000000e-01,0.000000000000000000e+00,0.000000000000000000e+00,0.000000000000000000e+00,1.328000000000000000e+03,7.730000000000000000e+02,1.391000000000000000e+03,8.420000000000000000e+02,1.000000000000000000e+00
0.000000000000000000e+00,0.000000000000000000e+00,0.000000000000000000e+00,0.000000000000000000e+00,5.000000000000000000e-01,0.000000000000000000e+00,0.000000000000000000e+00,0.000000000000000000e+00,1.214000000000000000e+03,7.730000000000000000e+02,1.275000000000000000e+03,8.420000000000000000e+02,1.000000000000000000e+00
0.000000000000000000e+00,0.000000000000000000e+00,0.000000000000000000e+00,0.000000000000000000e+00,5.000000000000000000e-01,0.000000000000000000e+00,0.000000000000000000e+00,0.000000000000000000e+00,1.151000000000000000e+03,6.230000000000000000e+02,1.708000000000000000e+03,6.860000000000000000e+02,0.000000000000000000e+00
0.000000000000000000e+00,0.000000000000000000e+00,0.000000000000000000e+00,0.000000000000000000e+00,5.000000000000000000e-01,0.000000000000000000e+00,0.000000000000000000e+00,0.000000000000000000e+00,1.383000000000000000e+03,5.150000000000000000e+02,1.417000000000000000e+03,5.460000000000000000e+02,0.000000000000000000e+00
0.000000000000000000e+00,0.000000000000000000e+00,0.000000000000000000e+00,0.000000000000000000e+00,5.000000000000000000e-01,0.000000000000000000e+00,0.000000000000000000e+00,0.000000000000000000e+00,1.146000000000000000e+03,4.960000000000000000e+02,1.341000000000000000e+03,5.680000000000000000e+02,0.000000000000000000e+00
0.000000000000000000e+00,0.000000000000000000e+00,0.000000000000000000e+00,0.000000000000000000e+00,5.000000000000000000e-01,0.000000000000000000e+00,0.000000000000000000e+00,0.000000000000000000e+00,1.552000000000000000e+03,4.940000000000000000e+02,1.613000000000000000e+03,5.700000000000000000e+02,1.000000000000000000e+00
0.000000000000000000e+00,0.000000000000000000e+00,0.000000000000000000e+00,0.000000000000000000e+00,5.000000000000000000e-01,0.000000000000000000e+00,0.000000000000000000e+00,0.000000000000000000e+00,1.634000000000000000e+03,4.910000000000000000e+02,1.695000000000000000e+03,5.680000000000000000e+02,1.000000000000000000e+00
0.000000000000000000e+00,0.000000000000000000e+00,0.000000000000000000e+00,0.000000000000000000e+00,5.000000000000000000e-01,0.000000000000000000e+00,0.000000000000000000e+00,0.000000000000000000e+00,1.457000000000000000e+03,4.880000000000000000e+02,1.526000000000000000e+03,5.680000000000000000e+02,1.000000000000000000e+00
0.000000000000000000e+00,0.000000000000000000e+00,0.000000000000000000e+00,0.000000000000000000e+00,5.000000000000000000e-01,0.000000000000000000e+00,0.000000000000000000e+00,0.000000000000000000e+00,9.790000000000000000e+02,3.870000000000000000e+02,1.092000000000000000e+03,5.600000000000000000e+02,1.000000000000000000e+00
0.000000000000000000e+00,0.000000000000000000e+00,0.000000000000000000e+00,0.000000000000000000e+00,5.000000000000000000e-01,0.000000000000000000e+00,0.000000000000000000e+00,0.000000000000000000e+00,1.378000000000000000e+03,3.920000000000000000e+02,1.406000000000000000e+03,4.550000000000000000e+02,1.000000000000000000e+00
0.000000000000000000e+00,0.000000000000000000e+00,0.000000000000000000e+00,0.000000000000000000e+00,5.000000000000000000e-01,0.000000000000000000e+00,0.000000000000000000e+00,0.000000000000000000e+00,1.454000000000000000e+03,3.700000000000000000e+02,1.523000000000000000e+03,4.540000000000000000e+02,1.000000000000000000e+00
0.000000000000000000e+00,0.000000000000000000e+00,0.000000000000000000e+00,0.000000000000000000e+00,5.000000000000000000e-01,0.000000000000000000e+00,0.000000000000000000e+00,0.000000000000000000e+00,1.768000000000000000e+03,2.350000000000000000e+02,2.043000000000000000e+03,2.960000000000000000e+02,0.000000000000000000e+00
0.000000000000000000e+00,0.000000000000000000e+00,0.000000000000000000e+00,0.000000000000000000e+00,5.000000000000000000e-01,0.000000000000000000e+00,0.000000000000000000e+00,0.000000000000000000e+00,1.642000000000000000e+03,2.300000000000000000e+02,1.742000000000000000e+03,3.010000000000000000e+02,0.000000000000000000e+00
0.000000000000000000e+00,0.000000000000000000e+00,0.000000000000000000e+00,0.000000000000000000e+00,5.000000000000000000e-01,0.000000000000000000e+00,0.000000000000000000e+00,0.000000000000000000e+00,1.185000000000000000e+03,8.700000000000000000e+01,1.845000000000000000e+03,1.740000000000000000e+02,0.000000000000000000e+00
