0.000000000000000000e+00,0.000000000000000000e+00,0.000000000000000000e+00,0.000000000000000000e+00,5.000000000000000000e-01,0.000000000000000000e+00,0.000000000000000000e+00,0.000000000000000000e+00,9.573703613281250000e+02,2.170474365234375000e+03,1.313979370117187500e+03,2.257106689453125000e+03,0.000000000000000000e+00
0.000000000000000000e+00,0.000000000000000000e+00,0.000000000000000000e+00,0.000000000000000000e+00,5.000000000000000000e-01,0.000000000000000000e+00,0.000000000000000000e+00,0.000000000000000000e+00,2.768436584472656250e+02,9.249171752929687500e+02,3.538501892089843750e+02,1.322895263671875000e+03,1.000000000000000000e+00
0.000000000000000000e+00,0.000000000000000000e+00,0.000000000000000000e+00,0.000000000000000000e+00,5.000000000000000000e-01,0.000000000000000000e+00,0.000000000000000000e+00,0.000000000000000000e+00,3.340000000000000000e+02,2.260000000000000000e+03,3.880000000000000000e+02,2.283000000000000000e+03,0.000000000000000000e+00
0.000000000000000000e+00,0.000000000000000000e+00,0.000000000000000000e+00,0.000000000000000000e+00,5.000000000000000000e-01,0.000000000000000000e+00,0.000000000000000000e+00,0.000000000000000000e+00,4.720000000000000000e+02,2.183000000000000000e+03,5.380000000000000000e+02,2.253000000000000000e+03,1.000000000000000000e+00
0.000000000000000000e+00,0.000000000000000000e+00,0.000000000000000000e+00,0.000000000000000000e+00,5.000000000000000000e-01,0.000000000000000000e+00,0.000000000000000000e+00,0.000000000000000000e+00,2.770000000000000000e+02,2.040000000000000000e+03,3.450000000000000000e+02,2.114000000000000000e+03,1.000000000000000000e+00
0.000000000000000000e+00,0.000000000000000000e+00,0.000000000000000000e+00,0.000000000000000000e+00,5.000000000000000000e-01,0.000000000000000000e+00,0.000000000000000000e+00,0.000000000000000000e+00,5.740000000000000000e+02,1.503000000000000000e+03,6.400000000000000000e+02,1.585000000000000000e+03,1.000000000000000000e+00
0.000000000000000000e+00,0.000000000000000000e+00,0.000000000000000000e+00,0.000000000000000000e+00,5.000000000000000000e-01,0.000000000000000000e+00,0.000000000000000000e+00,0.000000000000000000e+00,5.750000000000000000e+02,1.388000000000000000e+03,6.360000000000000000e+02,1.465000000000000000e+03,1.000000000000000000e+00
0.000000000000000000e+00,0.000000000000000000e+00,0.000000000000000000e+00,0.000000000000000000e+00,5.000000000000000000e-01,0.000000000000000000e+00,0.000000000000000000e+00,0.000000000000000000e+00,5.750000000000000000e+02,1.283000000000000000e+03,6.280000000000000000e+02,1.361000000000000000e+03,1.000000000000000000e+00
0.000000000000000000e+00,0.000000000000000000e+00,0.000000000000000000e+00,0.000000000000000000e+00,5.000000000000000000e-01,0.000000000000000000e+00,0.000000000000000000e+00,0.000000000000000000e+00,5.740000000000000000e+02,1.177000000000000000e+03,6.310000000000000000e+02,1.256000000000000000e+03,1.000000000000000000e+00
0.000000000000000000e+00,0.000000000000000000e+00,0.000000000000000000e+00,0.000000000000000000e+00,5.000000000000000000e-01,0.000000000000000000e+00,0.000000000000000000e+00,0.000000000000000000e+00,5.750000000000000000e+02,1.061000000000000000e+03,6.380000000000000000e+02,1.142000000000000000e+03,1.000000000000000000e+00
0.000000000000000000e+00,0.000000000000000000e+00,0.000000000000000000e+00,0.000000000000000000e+00,5.000000000000000000e-01,0.000000000000000000e+00,0.000000000000000000e+00,0.000000000000000000e+00,5.750000000000000000e+02,9.520000000000000000e+02,6.360000000000000000e+02,1.033000000000000000e+03,1.000000000000000000e+00
0.000000000000000000e+00,0.000000000000000000e+00,0.000000000000000000e+00,0.000000000000000000e+00,5.000000000000000000e-01,0.000000000000000000e+00,0.000000000000000000e+00,0.000000000000000000e+00,5.770000000000000000e+02,8.450000000000000000e+02,6.340000000000000000e+02,9.220000000000000000e+02,1.000000000000000000e+00
0.000000000000000000e+00,0.000000000000000000e+00,0.000000000000000000e+00,0.000000000000000000e+00,5.000000000000000000e-01,0.000000000000000000e+00,0.000000000000000000e+00,0.000000000000000000e+00,5.720000000000000000e+02,7.240000000000000000e+02,6.380000000000000000e+02,8.080000000000000000e+02,1.000000000000000000e+00
0.000000000000000000e+00,0.000000000000000000e+00,0.000000000000000000e+00,0.000000000000000000e+00,5.000000000000000000e-01,0.000000000000000000e+00,0.000000000000000000e+00,0.000000000000000000e+00,1.410000000000000000e+03,3.270000000000000000e+02,1.472000000000000000e+03,4.040000000000000000e+02,1.000000000000000000e+00
0.000000000000000000e+00,0.000000000000000000e+00,0.000000000000000000e+00,0.000000000000000000e+00,5.000000000000000000e-01,0.000000000000000000e+00,0.000000000000000000e+00,0.000000000000000000e+00,1.185000000000000000e+03,3.250000000000000000e+02,1.253000000000000000e+03,4.040000000000000000e+02,1.000000000000000000e+00
0.000000000000000000e+00,0.000000000000000000e+00,0.000000000000000000e+00,0.000000000000000000e+00,5.000000000000000000e-01,0.000000000000000000e+00,0.000000000000000000e+00,0.000000000000000000e+00,1.294000000000000000e+03,3.250000000000000000e+02,1.351000000000000000e+03,4.020000000000000000e+02,1.000000000000000000e+00
0.000000000000000000e+00,0.000000000000000000e+00,0.000000000000000000e+00,0.000000000000000000e+00,5.000000000000000000e-01,0.000000000000000000e+00,0.000000000000000000e+00,0.000000000000000000e+00,9.520000000000000000e+02,3.230000000000000000e+02,1.019000000000000000e+03,4.040000000000000000e+02,1.000000000000000000e+00
0.000000000000000000e+00,0.000000000000000000e+00,0.000000000000000000e+00,0.000000000000000000e+00,5.000000000000000000e-01,0.000000000000000000e+00,0.000000000000000000e+00,0.000000000000000000e+00,1.067000000000000000e+03,3.220000000000000000e+02,1.133000000000000000e+03,4.000000000000000000e+02,1.000000000000000000e+00
0.000000000000000000e+00,0.000000000000000000e+00,0.000000000000000000e+00,0.000000000000000000e+00,5.000000000000000000e-01,0.000000000000000000e+00,0.000000000000000000e+00,0.000000000000000000e+00,8.600000000000000000e+02,3.230000000000000000e+02,9.170000000000000000e+02,4.040000000000000000e+02,1.000000000000000000e+00
0.000000000000000000e+00,0.000000000000000000e+00,0.000000000000000000e+00,0.000000000000000000e+00,5.000000000000000000e-01,0.000000000000000000e+00,0.000000000000000000e+00,0.000000000000000000e+00,8.680000000000000000e+02,1.290000000000000000e+02,1.137000000000000000e+03,1.880000000000000000e+02,0.000000000000000000e+00
0.000000000000000000e+00,0.000000000000000000e+00,0.000000000000000000e+00,0.000000000000000000e+00,5.000000000000000000e-01,0.000000000000000000e+00,0.000000000000000000e+00,0.000000000000000000e+00,7.340000000000000000e+02,1.210000000000000000e+02,8.310000000000000000e+02,1.950000000000000000e+02,0.000000000000000000e+00
